{
 "cells": [
  {
   "cell_type": "code",
   "execution_count": 1,
   "metadata": {},
   "outputs": [],
   "source": [
    "import os\n",
    "import numpy as np\n",
    "import pandas as pd\n",
    "import scipy.linalg\n",
    "# import matplotlib.pyplot as plt\n",
    "# import scipy.linalg.hadamard as hadamard\n",
    "\n",
    "def get_mc_traj(len):\n",
    "    n_state = 9 # 1,2,3...9\n",
    "    p = np.ndarray([n_state,n_state])\n",
    "    p_gt = np.ndarray([n_state,n_state])\n",
    "    for i in range(n_state):\n",
    "        for j in range(n_state):\n",
    "            if j == 0:\n",
    "                p[i,j] =  np.exp(-(i+1))*np.exp(-(j+1)) + 2*(1-np.exp(-(i+1)))*np.exp(-2*(j+1))\n",
    "                p_gt[i,j] =  p[i,j]\n",
    "            else:\n",
    "                p_gt[i,j] = np.exp(-(i+1))*np.exp(-(j+1)) + 2*(1-np.exp(-(i+1)))*np.exp(-2*(j+1)) #\n",
    "                p[i,j] = p[i,j-1] + p_gt[i,j]\n",
    "        p[i,:] = p[i,:] / p[i,n_state-1]\n",
    "    p_gt = p_gt/p_gt.sum(axis=1)\n",
    "    print(\"p_gt\",p_gt)\n",
    "    traj = np.ndarray([1,len])\n",
    "    s = 0\n",
    "    traj[0] = s\n",
    "    counter = 0\n",
    "    for i in range(len):\n",
    "        s = get_next_state(s,p)\n",
    "        traj[:,i] = s + 1\n",
    "        if s is not 0:\n",
    "            counter += 1\n",
    "#         print(counter)\n",
    "    return traj, p_gt\n",
    "    \n",
    "def get_next_state(i,p):\n",
    "    prob = np.random.rand()\n",
    "    for j in range(len(p[0])):\n",
    "        if prob < p[i,j]:\n",
    "            return j\n",
    "    return j\n",
    "\n",
    "def brownian_motion(len):\n",
    "    dt = 0.01\n",
    "    p = np.array([10.0,10.0])\n",
    "    traj = np.ndarray([2,len])\n",
    "    for i in range(len):\n",
    "        p += np.sqrt(dt) * np.random.normal(loc=0.0,scale=1.0,size = 2)\n",
    "        traj[:,i] = p\n",
    "#     print(traj)\n",
    "    return traj\n",
    "\n",
    "def normalize(rrf):\n",
    "    norm = np.linalg.norm(rrf)\n",
    "    norm_rrf = rrf/norm\n",
    "    return norm_rrf\n",
    "\n",
    "def Get_p_(p_hat,r,c_12):\n",
    "    p_ = np.empty_like(p_hat)\n",
    "    p_hat[0] = np.dot(np.dot(c_12,p_hat[0]),c_12)\n",
    "    for i in range(len(p_hat)):\n",
    "        u, s, vh = np.linalg.svd(p_hat[i], full_matrices=True)\n",
    "        u_ = u[:,:r]\n",
    "        s_ = np.diag(s[:r])\n",
    "\n",
    "        vh_ = vh[:r,:]\n",
    "        # print(\"s_: \",s_)\n",
    "        p_[i] = np.dot(np.dot(u_,s_),vh_)\n",
    "        # print(\"p_[1]\", p_[1])\n",
    "        # print(\"p_[2]\", p_[2])\n",
    "        # print(\"p_[3]\", p_[3])\n",
    "\n",
    "    return p_\n",
    "\n",
    "def Get_P_hat(traj,G,n_feature, w_orf, w_sorf,step=1):\n",
    "    avg = np.zeros(shape=(2,n_feature,n_feature))\n",
    "    i = 0\n",
    "    counter = 0\n",
    "    # print(len(traj))\n",
    "    while i+step < len(traj[0]):\n",
    "        if i % 1000 == 0:\n",
    "            print(\"current step\",i)\n",
    "        x = traj[:,i]\n",
    "        y = traj[:,i+step]\n",
    "        k_orf, k_sorf = Kernel(x,y,G, w_orf, w_sorf)\n",
    "#         print(\"k_orf\",k_orf)\n",
    "        # avg[0] += k_rff_1\n",
    "        # avg[0] += k_rff_2\n",
    "        avg[0] += k_orf\n",
    "        avg[1] += k_sorf\n",
    "        \n",
    "        i += step\n",
    "        counter += 1\n",
    "#         print(\"counter\", counter)\n",
    "    \n",
    "    avg = avg/counter\n",
    "    # print(\"p_hat\",avg)\n",
    "    return avg\n",
    "\n",
    "def Kernel(x,y,G,w_orf,w_sorf):\n",
    "    # rff_1_x = RFF_1(x,w,n)\n",
    "    # rff_1_y = RFF_1(y,w,n)\n",
    "    # k_rff_1 = np.dot(rff_1_x.transpose(),rff_1_y)\n",
    "    # print(\"rff_1_x\", rff_1_x)\n",
    "    # print(\"rff_1_y.shape\", rff_1_y.shape)\n",
    "    # rff_2_x = RFF_2(x,G)\n",
    "    # rff_2_y = RFF_2(y,G)\n",
    "    # k_rff_2 = np.dot(rff_2_x.transpose(),rff_2_y)\n",
    "    # print(\"rff_2_x\", rff_2_x)\n",
    "    # print(\"rff_2_y.shape\", rff_2_y.shape)\n",
    "\n",
    "    orf_x = ORF(x,w_orf)\n",
    "    orf_y = ORF(y,w_orf)\n",
    "    k_orf = np.dot(orf_x.transpose(),orf_y)\n",
    "    # print(\"orf_x\", orf_x)\n",
    "    # print(\"orf_y.shape\", orf_y.shape)\n",
    "\n",
    "    sorf_x = SORF(x,w_sorf)\n",
    "    sorf_y = SORF(y,w_sorf)\n",
    "    k_sorf = np.dot(sorf_x.transpose(),sorf_y)\n",
    "    # print(\"sorf_x\", sorf_x)\n",
    "    # print(\"sorf_y.shape\", sorf_y.shape)\n",
    "\n",
    "    # print(\"k_rff_1\", k_rff_1)\n",
    "    # print(\"k_rff_2\", k_rff_2)\n",
    "    # print(\"k_orf\", k_orf)\n",
    "    # print(\"k_sorf\", k_sorf)\n",
    "    return  k_orf, k_sorf  # n * n\n",
    "\n",
    "# random Fourier feature \n",
    "def RFF_1(x,w,n_raw,n_feature):\n",
    "    rff = np.zeros((n_raw,n_feature))\n",
    "    rff[0,:]  = np.sqrt(2.0/n_feature)*(np.sin(w*x[0])) \n",
    "    # q, r = np.linalg.qr(rff_x)\n",
    "    # print(\"q\",q)\n",
    "    # print(\"r\",r)\n",
    "    rff[1,:] = np.sqrt(2.0/n_feature)*(np.cos(w*x[1]))  # D*1 \n",
    "    return rff  #D*2\n",
    "\n",
    "def RFF_2(x,G):\n",
    "    rff = np.reshape(np.dot(G,x.transpose()),(1,-1))\n",
    "    rff = normalize(rff)\n",
    "    return rff # 2*D\n",
    "\n",
    "def get_w_orf(n_raw,n_feature,G):\n",
    "    w_orf = np.zeros((n_feature,n_raw))\n",
    "    c = np.zeros(n_feature)\n",
    "    for i in range(n_feature//n_raw):\n",
    "        q, r = np.linalg.qr(G[n_raw*i:n_raw*i+n_raw,:])\n",
    "        s = np.random.chisquare(n_raw,size=n_raw)\n",
    "        s_diag = np.diag(s)\n",
    "        # print(\"s\",s_diag)\n",
    "        c[2*i:2*i+2] = 1/np.sqrt(s)\n",
    "        w_orf[2*i:2*i+2] = np.dot(s_diag,q)\n",
    "   \n",
    "    c_diag = np.diag(c)\n",
    "    return c_diag, w_orf\n",
    "\n",
    "def ORF(x,w_orf):\n",
    "    orf = np.reshape(np.dot(w_orf,x.transpose()),(1,-1))\n",
    "#     print(orf)\n",
    "    return  orf\n",
    "\n",
    "def get_w_sorf(n_raw, n_feature):\n",
    "    H = scipy.linalg.hadamard(n_raw)\n",
    "    # print(\"H\", H)\n",
    "    w_sorf = np.zeros((n_feature,n_raw))\n",
    "    for i in range(n_feature//n_raw):\n",
    "        d1 = np.random.rand(n_raw)\n",
    "        d2 = np.random.rand(n_raw)\n",
    "        d3 = np.random.rand(n_raw)\n",
    "        for element in d1:\n",
    "            if element > 0.5:\n",
    "                element = 1\n",
    "            else:\n",
    "                element = -1\n",
    "        for element in d2:\n",
    "            if element > 0.5:\n",
    "                element = 1\n",
    "            else:\n",
    "                element = -1\n",
    "        for element in d3:\n",
    "            if element > 0.5:\n",
    "                element = 1\n",
    "            else:\n",
    "                element = -1\n",
    "        d1 = np.diag(d1)\n",
    "        d2 = np.diag(d2)\n",
    "        d3 = np.diag(d3)\n",
    "        w_sorf[n_raw*i:n_raw*i+n_raw,:] = np.sqrt(2)*np.dot(np.dot(np.dot(np.dot(np.dot(H,d1),H),d2),H),d3)\n",
    "   \n",
    "    # sorf= normalize(sorf)\n",
    "    return w_sorf\n",
    "def SORF(x,w_sorf):\n",
    "    sorf = np.reshape(np.dot(w_sorf,x),(1,-1))\n",
    "    # sorf= normalize(sorf)\n",
    "    return sorf"
   ]
  },
  {
   "cell_type": "code",
   "execution_count": 8,
   "metadata": {},
   "outputs": [
    {
     "name": "stdout",
     "output_type": "stream",
     "text": [
      "p_gt [[7.43862200e-01 2.08751252e-01 6.57106797e-02 2.25250257e-02\n",
      "  8.05518033e-03 2.93160544e-03 1.07416174e-03 3.94576887e-04\n",
      "  1.45077482e-04]\n",
      " [6.88987757e-01 1.43062813e-01 3.37738959e-02 9.62032804e-03\n",
      "  3.14563481e-03 1.10323900e-03 3.98517648e-04 1.45611084e-04\n",
      "  5.34325251e-05]\n",
      " [6.68800577e-01 1.18897387e-01 2.20250097e-02 4.87295508e-03\n",
      "  1.33951395e-03 4.30620574e-04 1.49962078e-04 5.40216840e-05\n",
      "  1.97182296e-05]\n",
      " [6.61374128e-01 1.10007424e-01 1.77028360e-02 3.12649417e-03\n",
      "  6.75079219e-04 1.83178084e-04 5.85235938e-05 2.03278266e-05\n",
      "  7.31543337e-06]\n",
      " [6.58642091e-01 1.06736989e-01 1.61127972e-02 2.48400711e-03\n",
      "  4.30647341e-04 9.21490795e-05 2.48852554e-05 7.93254919e-06\n",
      "  2.75269964e-06]\n",
      " [6.57637030e-01 1.05533863e-01 1.55278546e-02 2.24764932e-03\n",
      "  3.40725879e-04 5.86613800e-05 1.25104022e-05 3.37258146e-06\n",
      "  1.07416370e-06]\n",
      " [6.57267289e-01 1.05091258e-01 1.53126662e-02 2.16069816e-03\n",
      "  3.07645621e-04 4.63419439e-05 7.95794816e-06 1.69506307e-06\n",
      "  4.56664838e-07]\n",
      " [6.57131269e-01 1.04928432e-01 1.52335028e-02 2.12871061e-03\n",
      "  2.95476074e-04 4.18098766e-05 6.28319391e-06 1.07793855e-06\n",
      "  2.29499701e-07]\n",
      " [6.57081230e-01 1.04868532e-01 1.52043802e-02 2.11694305e-03\n",
      "  2.90999148e-04 4.01426222e-05 5.66708625e-06 8.50911123e-07\n",
      "  1.45930318e-07]]\n",
      "random walk in [1, 2, 3... ,9] traj: [[1. 1. 2. ... 1. 1. 1.]]\n",
      "n feature: 256\n",
      "step: 1\n",
      "current step 0\n",
      "current step 1000\n",
      "current step 2000\n",
      "current step 3000\n",
      "current step 4000\n",
      "current step 5000\n",
      "current step 6000\n",
      "current step 7000\n",
      "current step 8000\n",
      "current step 9000\n",
      "current step 10000\n",
      "current step 11000\n",
      "current step 12000\n",
      "current step 13000\n",
      "current step 14000\n",
      "current step 15000\n",
      "current step 16000\n",
      "current step 17000\n",
      "current step 18000\n",
      "current step 19000\n",
      "current step 20000\n",
      "current step 21000\n",
      "current step 22000\n",
      "current step 23000\n",
      "current step 24000\n",
      "current step 25000\n",
      "current step 26000\n",
      "current step 27000\n",
      "current step 28000\n",
      "current step 29000\n",
      "current step 30000\n",
      "current step 31000\n",
      "current step 32000\n",
      "current step 33000\n",
      "current step 34000\n",
      "current step 35000\n",
      "current step 36000\n",
      "current step 37000\n",
      "current step 38000\n",
      "current step 39000\n",
      "current step 40000\n",
      "current step 41000\n",
      "current step 42000\n",
      "current step 43000\n",
      "current step 44000\n",
      "current step 45000\n",
      "current step 46000\n",
      "current step 47000\n",
      "current step 48000\n",
      "current step 49000\n",
      "p_hat [[[2.68908686e+00 2.68908686e+00 3.20404348e-01 ... 1.97729132e+00\n",
      "   2.39609130e-01 2.39609130e-01]\n",
      "  [2.68908686e+00 2.68908686e+00 3.20404348e-01 ... 1.97729132e+00\n",
      "   2.39609130e-01 2.39609130e-01]\n",
      "  [3.20404348e-01 3.20404348e-01 3.81761361e-02 ... 2.35594002e-01\n",
      "   2.85493965e-02 2.85493965e-02]\n",
      "  ...\n",
      "  [1.97729132e+00 1.97729132e+00 2.35594002e-01 ... 1.45390654e+00\n",
      "   1.76185106e-01 1.76185106e-01]\n",
      "  [2.39609130e-01 2.39609130e-01 2.85493965e-02 ... 1.76185106e-01\n",
      "   2.13501974e-02 2.13501974e-02]\n",
      "  [2.39609130e-01 2.39609130e-01 2.85493965e-02 ... 1.76185106e-01\n",
      "   2.13501974e-02 2.13501974e-02]]\n",
      "\n",
      " [[1.22419878e-02 7.86848687e-03 3.86523412e-02 ... 2.66951739e-02\n",
      "   4.15932822e-03 1.90683552e-03]\n",
      "  [7.86848687e-03 5.05743730e-03 2.48436320e-02 ... 1.71582123e-02\n",
      "   2.67339097e-03 1.22561062e-03]\n",
      "  [3.86523412e-02 2.48436320e-02 1.22039289e-01 ... 8.42862278e-02\n",
      "   1.31324893e-02 6.02056287e-03]\n",
      "  ...\n",
      "  [2.66951739e-02 1.71582123e-02 8.42862278e-02 ... 5.82121403e-02\n",
      "   9.06993148e-03 4.15809153e-03]\n",
      "  [4.15932822e-03 2.67339097e-03 1.31324893e-02 ... 9.06993148e-03\n",
      "   1.41317012e-03 6.47864949e-04]\n",
      "  [1.90683552e-03 1.22561062e-03 6.02056287e-03 ... 4.15809153e-03\n",
      "   6.47864949e-04 2.97012360e-04]]]\n",
      "p_: [[[2.17500084e+00 2.17500084e+00 7.50768796e-01 ... 1.86505801e+00\n",
      "   6.49245122e-01 6.49245122e-01]\n",
      "  [2.17500084e+00 2.17500084e+00 7.50768796e-01 ... 1.86505801e+00\n",
      "   6.49245122e-01 6.49245122e-01]\n",
      "  [7.50768796e-01 7.50768796e-01 2.59151066e-01 ... 6.43782443e-01\n",
      "   2.24107030e-01 2.24107030e-01]\n",
      "  ...\n",
      "  [1.86505801e+00 1.86505801e+00 6.43782443e-01 ... 1.59928277e+00\n",
      "   5.56726135e-01 5.56726135e-01]\n",
      "  [6.49245122e-01 6.49245122e-01 2.24107030e-01 ... 5.56726135e-01\n",
      "   1.93801869e-01 1.93801869e-01]\n",
      "  [6.49245122e-01 6.49245122e-01 2.24107030e-01 ... 5.56726135e-01\n",
      "   1.93801869e-01 1.93801869e-01]]\n",
      "\n",
      " [[1.22419878e-02 7.86848687e-03 3.86523412e-02 ... 2.66951739e-02\n",
      "   4.15932822e-03 1.90683552e-03]\n",
      "  [7.86848687e-03 5.05743730e-03 2.48436320e-02 ... 1.71582123e-02\n",
      "   2.67339097e-03 1.22561062e-03]\n",
      "  [3.86523412e-02 2.48436320e-02 1.22039289e-01 ... 8.42862278e-02\n",
      "   1.31324893e-02 6.02056287e-03]\n",
      "  ...\n",
      "  [2.66951739e-02 1.71582123e-02 8.42862278e-02 ... 5.82121403e-02\n",
      "   9.06993148e-03 4.15809153e-03]\n",
      "  [4.15932822e-03 2.67339097e-03 1.31324893e-02 ... 9.06993148e-03\n",
      "   1.41317012e-03 6.47864949e-04]\n",
      "  [1.90683552e-03 1.22561062e-03 6.02056287e-03 ... 4.15809153e-03\n",
      "   6.47864949e-04 2.97012360e-04]]]\n",
      "p_est [[[1.16861057e+05 2.33722114e+05 3.50583171e+05 4.67444228e+05\n",
      "   5.84305285e+05 7.01166342e+05 8.18027399e+05 9.34888456e+05\n",
      "   1.05174951e+06]\n",
      "  [2.33722114e+05 4.67444228e+05 7.01166342e+05 9.34888456e+05\n",
      "   1.16861057e+06 1.40233268e+06 1.63605480e+06 1.86977691e+06\n",
      "   2.10349903e+06]\n",
      "  [3.50583171e+05 7.01166342e+05 1.05174951e+06 1.40233268e+06\n",
      "   1.75291585e+06 2.10349903e+06 2.45408220e+06 2.80466537e+06\n",
      "   3.15524854e+06]\n",
      "  [4.67444228e+05 9.34888456e+05 1.40233268e+06 1.86977691e+06\n",
      "   2.33722114e+06 2.80466537e+06 3.27210959e+06 3.73955382e+06\n",
      "   4.20699805e+06]\n",
      "  [5.84305285e+05 1.16861057e+06 1.75291585e+06 2.33722114e+06\n",
      "   2.92152642e+06 3.50583171e+06 4.09013699e+06 4.67444228e+06\n",
      "   5.25874756e+06]\n",
      "  [7.01166342e+05 1.40233268e+06 2.10349903e+06 2.80466537e+06\n",
      "   3.50583171e+06 4.20699805e+06 4.90816439e+06 5.60933073e+06\n",
      "   6.31049708e+06]\n",
      "  [8.18027399e+05 1.63605480e+06 2.45408220e+06 3.27210959e+06\n",
      "   4.09013699e+06 4.90816439e+06 5.72619179e+06 6.54421919e+06\n",
      "   7.36224659e+06]\n",
      "  [9.34888456e+05 1.86977691e+06 2.80466537e+06 3.73955382e+06\n",
      "   4.67444228e+06 5.60933073e+06 6.54421919e+06 7.47910765e+06\n",
      "   8.41399610e+06]\n",
      "  [1.05174951e+06 2.10349903e+06 3.15524854e+06 4.20699805e+06\n",
      "   5.25874756e+06 6.31049708e+06 7.36224659e+06 8.41399610e+06\n",
      "   9.46574561e+06]]\n",
      "\n",
      " [[7.14875875e+02 1.42975175e+03 2.14462762e+03 2.85950350e+03\n",
      "   3.57437937e+03 4.28925525e+03 5.00413112e+03 5.71900700e+03\n",
      "   6.43388287e+03]\n",
      "  [1.42975175e+03 2.85950350e+03 4.28925525e+03 5.71900700e+03\n",
      "   7.14875875e+03 8.57851050e+03 1.00082622e+04 1.14380140e+04\n",
      "   1.28677657e+04]\n",
      "  [2.14462762e+03 4.28925525e+03 6.43388287e+03 8.57851050e+03\n",
      "   1.07231381e+04 1.28677657e+04 1.50123934e+04 1.71570210e+04\n",
      "   1.93016486e+04]\n",
      "  [2.85950350e+03 5.71900700e+03 8.57851050e+03 1.14380140e+04\n",
      "   1.42975175e+04 1.71570210e+04 2.00165245e+04 2.28760280e+04\n",
      "   2.57355315e+04]\n",
      "  [3.57437937e+03 7.14875875e+03 1.07231381e+04 1.42975175e+04\n",
      "   1.78718969e+04 2.14462762e+04 2.50206556e+04 2.85950350e+04\n",
      "   3.21694144e+04]\n",
      "  [4.28925525e+03 8.57851050e+03 1.28677657e+04 1.71570210e+04\n",
      "   2.14462762e+04 2.57355315e+04 3.00247867e+04 3.43140420e+04\n",
      "   3.86032972e+04]\n",
      "  [5.00413112e+03 1.00082622e+04 1.50123934e+04 2.00165245e+04\n",
      "   2.50206556e+04 3.00247867e+04 3.50289179e+04 4.00330490e+04\n",
      "   4.50371801e+04]\n",
      "  [5.71900700e+03 1.14380140e+04 1.71570210e+04 2.28760280e+04\n",
      "   2.85950350e+04 3.43140420e+04 4.00330490e+04 4.57520560e+04\n",
      "   5.14710630e+04]\n",
      "  [6.43388287e+03 1.28677657e+04 1.93016486e+04 2.57355315e+04\n",
      "   3.21694144e+04 3.86032972e+04 4.50371801e+04 5.14710630e+04\n",
      "   5.79049458e+04]]]\n",
      "p_est [[[0.02222222 0.02222222 0.02222222 0.02222222 0.02222222 0.02222222\n",
      "   0.02222222 0.02222222 0.02222222]\n",
      "  [0.04444444 0.04444444 0.04444444 0.04444444 0.04444444 0.04444444\n",
      "   0.04444444 0.04444444 0.04444444]\n",
      "  [0.06666667 0.06666667 0.06666667 0.06666667 0.06666667 0.06666667\n",
      "   0.06666667 0.06666667 0.06666667]\n",
      "  [0.08888889 0.08888889 0.08888889 0.08888889 0.08888889 0.08888889\n",
      "   0.08888889 0.08888889 0.08888889]\n",
      "  [0.11111111 0.11111111 0.11111111 0.11111111 0.11111111 0.11111111\n",
      "   0.11111111 0.11111111 0.11111111]\n",
      "  [0.13333333 0.13333333 0.13333333 0.13333333 0.13333333 0.13333333\n",
      "   0.13333333 0.13333333 0.13333333]\n",
      "  [0.15555556 0.15555556 0.15555556 0.15555556 0.15555556 0.15555556\n",
      "   0.15555556 0.15555556 0.15555556]\n",
      "  [0.17777778 0.17777778 0.17777778 0.17777778 0.17777778 0.17777778\n",
      "   0.17777778 0.17777778 0.17777778]\n",
      "  [0.2        0.2        0.2        0.2        0.2        0.2\n",
      "   0.2        0.2        0.2       ]]\n",
      "\n",
      " [[0.02222222 0.02222222 0.02222222 0.02222222 0.02222222 0.02222222\n",
      "   0.02222222 0.02222222 0.02222222]\n",
      "  [0.04444444 0.04444444 0.04444444 0.04444444 0.04444444 0.04444444\n",
      "   0.04444444 0.04444444 0.04444444]\n",
      "  [0.06666667 0.06666667 0.06666667 0.06666667 0.06666667 0.06666667\n",
      "   0.06666667 0.06666667 0.06666667]\n",
      "  [0.08888889 0.08888889 0.08888889 0.08888889 0.08888889 0.08888889\n",
      "   0.08888889 0.08888889 0.08888889]\n",
      "  [0.11111111 0.11111111 0.11111111 0.11111111 0.11111111 0.11111111\n",
      "   0.11111111 0.11111111 0.11111111]\n",
      "  [0.13333333 0.13333333 0.13333333 0.13333333 0.13333333 0.13333333\n",
      "   0.13333333 0.13333333 0.13333333]\n",
      "  [0.15555556 0.15555556 0.15555556 0.15555556 0.15555556 0.15555556\n",
      "   0.15555556 0.15555556 0.15555556]\n",
      "  [0.17777778 0.17777778 0.17777778 0.17777778 0.17777778 0.17777778\n",
      "   0.17777778 0.17777778 0.17777778]\n",
      "  [0.2        0.2        0.2        0.2        0.2        0.2\n",
      "   0.2        0.2        0.2       ]]]\n"
     ]
    }
   ],
   "source": [
    "# traj = brownian_motion(10000)\n",
    "traj, gt_p = get_mc_traj(50000)\n",
    "print(\"random walk in [1, 2, 3... ,9] traj:\",traj)\n",
    "n_state = 9\n",
    "r = 4 # rank\n",
    "n_feature_list = [256] # n features\n",
    "n_raw = 1 # n-dimensional raw data\n",
    "step_list = [1]\n",
    "x_list = [np.array([1]),np.array([2]),np.array([3])]\n",
    "y_list = [np.array([1]),np.array([2]),np.array([3])]\n",
    "\n",
    "for n_feature in n_feature_list:\n",
    "    for step in step_list:\n",
    "        print(\"n feature:\",n_feature)\n",
    "        print(\"step:\",step)\n",
    "        # w for rff_1\n",
    "        w = np.random.normal(loc=0.0, scale=1.0, size=n_feature) # n * 1\n",
    "        # gaussian for rff_2\n",
    "        G = np.random.normal(loc=0.0, scale=1.0, size=(n_feature,n_raw))\n",
    "        c_12 , w_orf = get_w_orf(n_raw,n_feature,G)\n",
    "        w_sorf = get_w_sorf(n_raw,n_feature)\n",
    "        p_hat = Get_P_hat(traj, G ,n_feature, w_orf, w_sorf,step)\n",
    "        print(\"p_hat\",p_hat) \n",
    "        p_ = Get_p_(p_hat,r,c_12)\n",
    "\n",
    "        # # print(\"p_hat:\",p_hat)\n",
    "        print(\"p_:\",p_)\n",
    "        p_est = np.zeros(shape=(2,n_state,n_state))\n",
    "        for i in range(n_state):\n",
    "            for j in range(n_state):\n",
    "                x = np.array([i+1])\n",
    "                y = np.array([j+1])                \n",
    "                orf_x  = ORF(x,w_orf)            \n",
    "                orf_y = ORF(y,w_orf)                \n",
    "                sorf_x = SORF(x,w_sorf)                \n",
    "                sorf_y = SORF(y,w_sorf)               \n",
    "                # p_rff_1 = np.dot(np.dot(rff_1_x, p_[0]),rff_1_y.transpose())\n",
    "                # p_rff_2 = np.dot(np.dot(rff_2_x, p_[0]),rff_2_y.transpose())\n",
    "                p_orf = np.dot(np.dot(np.dot(np.dot(orf_x,c_12), p_[0]),c_12),orf_y.transpose())\n",
    "                p_sorf = np.dot(np.dot(sorf_x, p_[1]),sorf_y.transpose())\n",
    "                \n",
    "                p_est[0,i,j] = p_orf\n",
    "                p_est[1,i,j] = p_sorf\n",
    "        # normalize conditional prob\n",
    "        print(\"p_est\",p_est)\n",
    "        p_est[0] = p_est[0]/p_est[0].sum(axis=1)\n",
    "        p_est[1] = p_est[1]/p_est[1].sum(axis=1)\n",
    "        print(\"p_est\",p_est)\n",
    "                \n"
   ]
  },
  {
   "cell_type": "code",
   "execution_count": 3,
   "metadata": {},
   "outputs": [
    {
     "ename": "NameError",
     "evalue": "name 'phi' is not defined",
     "output_type": "error",
     "traceback": [
      "\u001b[0;31m---------------------------------------------------------------------------\u001b[0m",
      "\u001b[0;31mNameError\u001b[0m                                 Traceback (most recent call last)",
      "\u001b[0;32m<ipython-input-3-659f3ab85bc8>\u001b[0m in \u001b[0;36m<module>\u001b[0;34m\u001b[0m\n\u001b[0;32m----> 1\u001b[0;31m \u001b[0mphi\u001b[0m\u001b[0;34m(\u001b[0m\u001b[0mx\u001b[0m\u001b[0;34m)\u001b[0m\u001b[0;34m\u001b[0m\u001b[0;34m\u001b[0m\u001b[0m\n\u001b[0m",
      "\u001b[0;31mNameError\u001b[0m: name 'phi' is not defined"
     ]
    }
   ],
   "source": [
    "phi(x)"
   ]
  }
 ],
 "metadata": {
  "kernelspec": {
   "display_name": "Python 3 (ipykernel)",
   "language": "python",
   "name": "python3"
  },
  "language_info": {
   "codemirror_mode": {
    "name": "ipython",
    "version": 3
   },
   "file_extension": ".py",
   "mimetype": "text/x-python",
   "name": "python",
   "nbconvert_exporter": "python",
   "pygments_lexer": "ipython3",
   "version": "3.9.7"
  }
 },
 "nbformat": 4,
 "nbformat_minor": 2
}
